,AAPL,ABBV,ADBE,AMZN,AVGO,COST,DIA,GOOGL,HD,IWM,JNJ,JPM,LLY,MA,META,MRK,MSFT,NVDA,PEP,PG,QQQ,SPY,TSLA,V,XLE,XLK,XLY
AAPL,0.037762254,0.035183974,0.040339686,0.039571688,0.037477992,0.038085736,0.032171614,0.04316659,0.040727805,0.03808912,0.040029697,0.034886863,0.041066814,0.032830093,0.03586465,0.040458616,0.03887748,0.03625823,0.033693258,0.030989822,0.03436259,0.039530996,0.03700809,0.03203319,0.035108518,0.037295505,0.037129134
ABBV,0.038247887,0.035297804,0.042233743,0.03871761,0.03772246,0.03752933,0.031501725,0.04230959,0.042076513,0.036328785,0.03962309,0.035431966,0.03827512,0.03619452,0.04076528,0.043256864,0.0367522,0.03599422,0.033461228,0.030293727,0.033162348,0.039853565,0.038741104,0.03334869,0.03299045,0.03644788,0.033442315
ADBE,0.037716955,0.0359807,0.039172903,0.036592253,0.037666768,0.038808748,0.03163346,0.04354267,0.04087074,0.03801996,0.039064907,0.03751714,0.04052828,0.034413468,0.037678163,0.041755997,0.038953643,0.034906484,0.034258954,0.032229483,0.03411593,0.03976399,0.037590113,0.034180533,0.03412757,0.034453727,0.034456477
AMZN,0.037694544,0.034360617,0.04250692,0.03854349,0.03812052,0.03609076,0.032926716,0.04425785,0.039605156,0.036024965,0.040464923,0.033597372,0.039625455,0.033716775,0.040824078,0.04098408,0.039235268,0.036860626,0.034314748,0.031618215,0.03457497,0.04021333,0.03851956,0.033506606,0.035194337,0.033482656,0.03313545
AVGO,0.036671646,0.03518512,0.040002856,0.039486587,0.03685898,0.03808228,0.03202416,0.044432692,0.03833984,0.03894945,0.039680544,0.034030348,0.039834544,0.034866206,0.03724418,0.038122308,0.038424782,0.03595407,0.036064357,0.03441705,0.03360979,0.04185517,0.038088664,0.03316094,0.034775995,0.036373828,0.033463597
COST,0.038964495,0.034340374,0.041067228,0.03849813,0.036863223,0.039140765,0.0327388,0.04232353,0.039250057,0.03876067,0.03889239,0.034556836,0.04108147,0.031225393,0.039324865,0.04174687,0.039303385,0.0347721,0.036087234,0.030660477,0.033446193,0.04055343,0.036809906,0.03298019,0.03584726,0.035943266,0.034821462
DIA,0.03658316,0.03458085,0.040358666,0.038562488,0.03830655,0.038220473,0.03136166,0.04340268,0.040014375,0.038625687,0.039013296,0.03485495,0.04056758,0.033992954,0.037902445,0.040020306,0.03854007,0.033533227,0.036276244,0.03177473,0.03254573,0.042364903,0.039270006,0.032007787,0.03537769,0.038036413,0.033905085
GOOGL,0.037255805,0.035656717,0.040711515,0.03778522,0.03631784,0.038538612,0.033979498,0.042004466,0.03989263,0.036745265,0.03944611,0.03403722,0.03924579,0.03354401,0.03661293,0.040335204,0.037469238,0.036956877,0.036643364,0.03321701,0.03484226,0.040293977,0.037410505,0.034411468,0.03696503,0.035565715,0.03411572
HD,0.037768293,0.035112035,0.04132197,0.03861218,0.03642427,0.03600024,0.03137966,0.043426894,0.041405715,0.037337575,0.03785133,0.034046844,0.039149284,0.035573952,0.040461775,0.04297161,0.037476126,0.03544547,0.03390093,0.03290356,0.035642352,0.042850845,0.037083946,0.032999393,0.035585474,0.034601975,0.03266629
IWM,0.03795288,0.034841657,0.04233287,0.03841449,0.036024053,0.037395496,0.032158706,0.043957323,0.040602148,0.036893398,0.038540285,0.03423537,0.038719893,0.035249647,0.041098855,0.04040251,0.03761612,0.03661649,0.03454809,0.033255316,0.033017963,0.041415215,0.037826296,0.032846086,0.03494041,0.03625676,0.032841664
JNJ,0.036050044,0.033979796,0.041854102,0.03752894,0.037075613,0.038277257,0.033257768,0.043771535,0.038559426,0.038007174,0.04112807,0.037130274,0.042966697,0.031281605,0.038647406,0.04072849,0.04060242,0.03706507,0.034323942,0.031076035,0.03253395,0.039318323,0.03782109,0.032945484,0.034620155,0.035757665,0.03369167
JPM,0.038915925,0.03493053,0.040192656,0.038382154,0.037460964,0.037667,0.032751456,0.04100828,0.0407469,0.038807042,0.039081335,0.032888867,0.03938688,0.03414771,0.039229818,0.041316487,0.03936375,0.036068447,0.035637543,0.0315293,0.036915712,0.039653324,0.036823906,0.032050047,0.03496677,0.035053406,0.03502381
LLY,0.036185123,0.035468217,0.041016478,0.03832425,0.036704984,0.037670333,0.031498384,0.04379827,0.041908327,0.03660493,0.038752943,0.033058293,0.040778413,0.035866693,0.039878845,0.04143313,0.04012271,0.034577727,0.033134535,0.03375996,0.034384742,0.040623367,0.03920076,0.034701683,0.035672553,0.03339685,0.03147749
MA,0.0376643,0.034642152,0.042275902,0.037114453,0.03871462,0.037326876,0.033593215,0.043245237,0.039533474,0.036639534,0.03966392,0.03587927,0.040745266,0.033732828,0.035949044,0.04257301,0.038608044,0.035947315,0.033554785,0.031241128,0.033885617,0.039874233,0.038020603,0.032819383,0.035197318,0.036474265,0.03508421
META,0.03711674,0.035291776,0.04158325,0.037274715,0.03853341,0.037510358,0.032825496,0.043371063,0.039615035,0.03864476,0.03724298,0.034941923,0.04080141,0.03344489,0.037171584,0.04369254,0.03857223,0.036906358,0.033758745,0.03226652,0.035456285,0.04243171,0.03699358,0.03158445,0.036732238,0.032516327,0.03371964
MRK,0.03724944,0.035002068,0.04167783,0.036875427,0.037439186,0.03633858,0.03247441,0.04271899,0.04325826,0.036812805,0.036896672,0.037953004,0.040136494,0.0347217,0.04147097,0.041169293,0.038829356,0.03728926,0.032458074,0.03021652,0.034147467,0.04030147,0.038094815,0.03190397,0.03419841,0.03467146,0.035694063
MSFT,0.036716416,0.03412497,0.043288875,0.037371226,0.036773637,0.037737727,0.03353123,0.043513652,0.0407492,0.037084553,0.03929361,0.036364306,0.040000424,0.03481869,0.038265992,0.041425705,0.039431438,0.034497235,0.03323731,0.032404743,0.03458973,0.039533813,0.039725754,0.03236252,0.03352498,0.035134085,0.034498192
NVDA,0.0355144,0.035135373,0.04055022,0.03923741,0.037332043,0.037536032,0.029786933,0.044173367,0.040423833,0.039186284,0.03932655,0.034661338,0.042452052,0.035296876,0.040784393,0.03997831,0.039185986,0.03414141,0.033250257,0.030212218,0.034553666,0.041529212,0.03869588,0.033727467,0.03518782,0.034125596,0.03401507
PEP,0.037167415,0.034150705,0.040283293,0.03804036,0.03932082,0.03596017,0.032906197,0.04494236,0.039507568,0.037493374,0.03737393,0.035779763,0.041783534,0.034966685,0.037399516,0.040596284,0.037575796,0.034959696,0.035123482,0.03189508,0.032608554,0.0431626,0.03920675,0.032060213,0.035485394,0.03588865,0.034361813
PG,0.035241254,0.03547187,0.04211948,0.03788317,0.039489344,0.037499838,0.031934302,0.044165153,0.042006418,0.037649907,0.038682915,0.03742429,0.041112356,0.035163466,0.03539742,0.044594876,0.037474938,0.033855624,0.034031063,0.028586999,0.032438822,0.039978866,0.041904192,0.03217192,0.03541623,0.03515026,0.03315503
QQQ,0.037224498,0.033964068,0.041693464,0.03729014,0.03737133,0.038510326,0.03445564,0.043487623,0.038519174,0.0347633,0.042680338,0.036347486,0.040033903,0.032791425,0.039003976,0.043173745,0.038408883,0.037165023,0.03419116,0.029396508,0.033410385,0.039550953,0.0396216,0.034394145,0.033249624,0.03506285,0.034238435
SPY,0.03490054,0.03494225,0.041173372,0.03982851,0.037782326,0.036414426,0.0334569,0.045458026,0.04096457,0.038572915,0.03966368,0.0333028,0.042673927,0.034248497,0.035823934,0.038505334,0.03789267,0.035118144,0.033757,0.03353852,0.03468777,0.040935688,0.039291512,0.03290236,0.035671093,0.034165364,0.034327887
TSLA,0.037237298,0.033877093,0.041396577,0.0367151,0.035951562,0.03703418,0.032248784,0.044023663,0.039669037,0.039889067,0.040316366,0.03680391,0.041575953,0.035459876,0.03704148,0.040486317,0.039422512,0.035243258,0.034741074,0.034038443,0.03500261,0.038756743,0.037978828,0.0331068,0.03425631,0.034464262,0.033262894
V,0.03655581,0.03587766,0.04088571,0.038357634,0.036684744,0.04032365,0.031575292,0.040623676,0.03835308,0.038725533,0.03988579,0.036012195,0.041641023,0.03427935,0.03977533,0.041087598,0.03897926,0.035343524,0.033667028,0.031036891,0.034772035,0.0422944,0.036284,0.033217356,0.035080433,0.035389345,0.033291664
XLE,0.038566004,0.03459476,0.04001745,0.03836756,0.03832417,0.037615143,0.033929385,0.04119874,0.03690236,0.039735414,0.040767863,0.036911026,0.038521074,0.03257349,0.039534617,0.037397996,0.037754796,0.03460385,0.037485033,0.030393122,0.034419578,0.038028553,0.039115675,0.034511272,0.034911174,0.03725471,0.036565196
XLK,0.03643982,0.03386009,0.040612973,0.03895186,0.038798004,0.03656664,0.030435843,0.042743444,0.0431172,0.038053982,0.038251966,0.034729663,0.03834719,0.034893908,0.039851233,0.044265173,0.039139036,0.035194427,0.035490602,0.029542567,0.03277536,0.03977278,0.041841496,0.031088766,0.033991557,0.036229726,0.035014704
XLY,0.03857108,0.03475511,0.041531306,0.03872149,0.036206592,0.035178185,0.032124124,0.04576368,0.038171485,0.037286937,0.03752448,0.03544956,0.04036951,0.03698642,0.04034944,0.04133732,0.038860653,0.0369929,0.035030168,0.033960488,0.03190224,0.040099133,0.03816784,0.03301658,0.03326344,0.035175662,0.03320417
